0.0100000000000000
1.61984362499999
1.61984362499999
11.5399493316252
11.5399493316252
11.5399493316252
11.5399493316252
11.5399493316252
11.5399493316252
11.5399493316252
11.5399493316252
11.5399493316252
11.5399493316252
11.5399493316252
11.5399493316252
11.5399493316252
11.5399493316252
11.5399493316252
11.5399493316252
11.5399493316252
11.5399493316252
11.5399493316252
11.5399493316252
11.5399493316252
11.5399493316252
11.5399493316252
11.5399493316252
11.5399493316252
11.5399493316252
11.5399493316252
11.5399493316252
11.5399493316252
11.5399493316252
11.5399493316252
11.5399493316252
11.5399493316252
11.5399493316252
11.5399493316252
11.5399493316252
11.5399493316252
11.5399493316252
20.6674672498875
21.6444249347984
26.0256598369500
26.0256598369499
26.0256598369500
26.0256598369500
26.0256598369500
26.0256598369500
27.9479436289500
27.9479436289500
27.9479436289500
27.9479436289500
27.9479436289500
27.9479436289500
24.9362183867100
24.1786182977500
24.1786182977501
24.1786182977500
24.1786182977500
24.1786182977501
24.1786182977500
24.1786182977501
24.1786182977501
24.1786182977500
24.1786182977500
24.1786182977500
24.1786182977501
24.1786182977500
24.1786182977500
24.1786182977500
24.1786182977500
24.1786182977500
24.1786182977501
24.1786182977500
24.1786182977500
24.1786182977500
24.1786182977500
24.1786182977500
24.1786182977500
24.1786182977500
24.1786182977500
24.1351280741489
22.9675631597500
22.9675631597500
21.8822315932750
21.8822315932750
21.8822315932750
21.8822315932750
21.8822315932751
21.8428324868362
21.0519801902326
22.1897979082750
21.0863549177407
22.4654347640875
22.4654347640875
22.4654347640875
22.4654347640875
22.4654347640875
22.4654347640875
21.5857998383539
20.5431509720875
21.1086822647696
23.0831345496029
21.6461983256875
22.3953014603506
24.1786182977500
24.1786182977500
24.1786182977500
24.1786182977499
24.1786182977500
24.1786182977500
24.1786182977499
24.1786182977500
24.1786182977500
24.1786182977500
24.1786182977500
24.1786182977500
24.1786182977501
22.8279478986581
25.0821071207500
25.0821071207502
25.0821071207499
25.0821071207498
25.0821071207499
25.0821071207499
27.9078797357499
26.9486462268100
27.7972730197500
25.5342307391500
25.0821071207501
25.0821071207501
23.6320950741268
24.1786182977500
24.1786182977499
24.1786182977500
24.5099605769500
24.1786182977501
24.1786182977500
24.1786182977500
24.7839067275253
26.4256709130796
27.8713424221784
27.6403773139500
27.6403773139500
25.7055034592820
24.8146046989500
24.8146046989500
23.7292731324750
23.4884494190132
23.3433391959247
22.4574429074373
23.4337456134749
23.8202528079198
25.6635957204751
25.6342274008519
25.2758944119107
25.8398461829258
26.2347600952875
26.2347600952876
25.3087340540403
24.3124763032875
24.9462029084115
27.1382489182874
27.1382489182875
27.1382489182876
27.2279824107466
25.4155236568875
25.2973948664023
26.0256598369500
25.8043654770806
24.1786182977500
24.1786182977500
24.1786182977500
24.1786182977500
24.1786182977500
24.1786182977500
24.1786182977500
24.1786182977500
24.1786182977500
24.1786182977500
24.1786182977500
24.1786182977500
24.1786182977500
24.1786182977500
24.1786182977501
24.1786182977500
24.1786182977500
24.1786182977500
24.1786182977500
24.1786182977500
24.1786182977499
24.1786182977500
24.1786182977501
24.1786182977501
24.1786182977500
24.1786182977500
24.1786182977501
24.1786182977500
24.1786182977500
24.1786182977500
7.32230506480001
12.8192266584250
12.8865067425250
12.1278363534250
12.6182208990250
12.6653167308250
12.6922286887750
12.7393245205750
12.7191406467250
12.8254094420249
7.65200111059499
7.65200111059499
12.7611565993999
12.7409727255500
12.7880685573500
12.7880685573500
12.4970773947496
12.2981685718751
11.6773712560805
12.4708092860875
12.9611817696000
12.6848896495501
8.67126055439000
8.67126055438999
12.6076290111750
12.6076290111750
12.6494670839750
12.6494670839750
12.6494670839750
12.6494670839750
12.3563992536205
11.9241064228000
12.7655885012383
12.9570154530625
9.30052341607502
8.35571439605497
12.1934331405030
13.4062200305375
12.5520451282249
13.5190824139500
13.3599607018375
13.3599607018376
12.6717753447124
13.5501978729375
13.2964917336125
13.2949983984125
9.52345132761501
9.52345132761505
12.5647270567875
12.5407522789251
12.8758477355375
12.8160787719376
12.8160787719375
13.2295511926425
11.9854224093562
13.6561760839499
13.0978492939000
13.0978492938999
10.5338595612000
10.5338595612000
13.1960979642375
13.1960979642375
13.1377778913375
13.1377778913375
13.0830022673125
13.0830022673126
13.0830022673126
13.0830022673125
12.9089230827200
13.6087252370500
11.0875211330400
11.0875211330400
13.2349270723250
13.2349270723250
12.2170173712864
12.1831431975376
12.5524004786875
12.5688330426499
12.5983321916124
12.5852656066126
12.5634224691749
12.5503558841751
11.8555977106350
11.8555977106350
12.8316644842000
12.8316644842000
12.8316644842001
12.8316644842001
12.7733444113000
12.7733444113000
12.7733444113000
12.7733444113000
13.2093720675043
12.2808740079750
11.5409654692100
11.5409654692100
12.9161531699500
12.9535252587001
12.9535252587001
12.9126184196500
12.9499905084000
12.9499905084000
12.9499905084000
12.9499905084000
12.0530585765250
13.2114305591000
12.0968506576400
12.7224549616150
12.9590061771375
12.2400334030075
12.4316927598425
13.1036847390000
12.5590502974250
11.6389350786750
12.8160656683204
12.3768618035749
12.6020645433625
12.6538366541921
11.2476831566126
11.4673610425101
12.1856702594295
13.1913481314329
12.1418702938875
13.1017800001800
13.1923152462375
12.7644146358250
12.9727942662375
12.9727942662375
13.0850925631225
12.8326022214250
12.9727942662375
12.9727942662375
11.4154683631450
11.4154683631450
12.8783548129625
12.8783548129625
12.8783548129626
11.9497843129626
12.6830723781300
13.0852712005999
12.7020251881575
12.8261057131575
13.6742607699671
13.1764642169545
12.1112206240350
12.0682178886450
12.9368328390324
12.9368328390325
12.9988450891875
12.9988450891875
13.0147007283625
13.0147007283625
12.9045776601374
12.9931365575500
12.9931365575500
12.9639863813000
11.8240235878300
11.8240235878300
12.5837581609655
13.3217285965875
12.9732160278000
13.0592648525374
13.0592648525374
13.0265594137875
13.0265594137876
13.0265594137874
12.8698421119920
13.2640285083125
12.0831645820700
12.0831645820701
13.1207355830124
13.0849688342126
13.0849688342125
13.0849688342125
13.0849688342125
13.0849688342125
12.5126686810875
12.9856893686249
12.9856893686250
12.9856893686250
12.6210032460615
11.7439391016550
12.4485262266599
12.4485262266599
12.8114755968000
12.8023780423875
12.8023780423875
12.7543579823625
12.4278928406513
11.4132631650624
12.5225305219800
12.3917778520600
12.7422921731400
12.9492321378191
13.4576177932075
13.2522147690175
13.2214154442750
13.2214154442750
13.2214154442750
12.6692753793750
13.4583394512250
17.8465311718400
12.1922248811500
11.2132840611500
20.4928175116750
21.7313132417230
23.9967755542750
23.9967755542749
23.0019413931525
23.0932867312750
23.0360124954328
22.2288252177945
23.3689235870876
23.3689235870875
23.3689235870875
23.3689235870876
23.3689235870875
23.3689235870875
24.2724124100875
24.2724124100874
24.2724124100874
22.5496871486875
20.0334006157355
22.1585919805125
22.2563345057501
22.2563345057499
22.2563345057500
22.2563345057499
22.2563345057499
22.2563345057499
24.1786182977500
24.1786182977500
24.1786182977500
24.1786182977501
24.1786182977500
24.1786182977500
24.1786182977500
24.1786182977500
24.1786182977500
24.1786182977500
24.1786182977500
24.1786182977500
24.1786182977500
24.1786182977500
24.1786182977501
24.1423944049769
22.9675631597500
22.9675631597500
22.9675631597500
22.9675631597500
22.9675631597500
22.9675631597499
22.9675631597501
22.9378523581732
22.1257780539556
23.2751294747500
23.2751294747500
23.2751294747500
23.2751294747500
23.2751294747500
23.2751294747500
23.2751294747501
23.2751294747501
22.4070282517683
23.2940384383503
23.7441015294449
23.0932867312750
23.0932867312751
23.8396168072686
25.8084526302751
23.0932867312750
23.0932867312750
23.0932867312750
23.4323794450750
21.7285699804841
23.3689235870876
23.3689235870875
23.7002658662876
23.7000052585716
25.2912073790875
25.2912073790875
25.2912073790874
25.2912073790875
26.2315651397291
25.4155236568876
25.4155236568876
27.1148218865621
27.9479436289500
27.6403773139500
27.6403773139500
27.6403773139500
27.6403773139499
27.5556046026440
27.6524161099500
27.6524161099500
27.6524161099500
27.6194293440696
27.9479436289498
27.9479436289501
27.9479436289501
28.8514324519500
28.8514324519500
28.8514324519500
28.8514324519500
28.8514324519501
28.3221782833044
27.6403773139501
25.7180935219500
25.7180935219501
25.0399080943500
25.7180935219500
25.4924914855417
23.8710519827500
22.3769437535237
22.1721691694692
23.2751294747500
23.2751294747500
23.2751294747500
23.2751294747500
23.2751294747500
23.2751294747500
23.2751294747501
23.2077213897772
23.2641259592547
22.2563345057500
22.8731064751840
25.0821071207499
22.2563345057500
21.9165940962779
21.1710029392750
21.1710029392750
21.1710029392750
21.1710029392750
21.1710029392750
21.1710029392750
23.0932867312750
23.0932867312751
21.6461983256875
23.3689235870875
23.3689235870875
23.3689235870875
23.3689235870875
23.3689235870875
23.3689235870875
23.3689235870875
23.3689235870875
23.3016435029875
21.7229454610288
21.5789182415875
22.5428372541115
24.0440581295500
24.0440581295500
24.0440581295500
24.0440581295500
24.0440581295500
23.9767780454500
23.9767780454500
23.9767780454499
23.7998184942499
23.7355961917500
23.7355961917500
23.7355961917500
23.6683161076500
23.6683161076500
23.6683161076500
23.6683161076501
23.4238063138001
22.5444138926500
22.4125353009500
22.4559180349000
22.4993007688500
22.4754034187000
22.4840799654900
22.4840799654900
22.5079952722700
21.0253643444400
22.9770957929500
23.1412920203656
25.8709734783980
23.0500450839501
23.0500450839500
22.9843027795500
22.9843027795500
22.9843027795499
25.5631555174071
20.9304393255750
22.0636165078831
24.1980016461750
23.7562119405749
23.7562119405751
23.7562119405750
23.7316365852835
24.1623367963046
24.5931641660999
24.5931641661000
24.5931641660999
24.5258840820000
24.5258840820000
25.2644597977048
26.3056455371000
24.8585571315125
26.1774594681920
26.2064359938125
26.1391559097125
26.1391559097125
26.1244009677197
27.2829309636125
27.2829309636126
26.6290175024626
26.6290175024625
25.5805143801256
24.8428232728375
25.5336367597780
27.6707707639000
27.0969505382140
27.6707707639000
27.6087951308750
27.6087951308750
25.7979149614472
26.5863533283501
24.6640695363500
24.6640695363500
24.5171341321250
24.5171341321250
24.4573651685250
24.4573651685251
24.4573651685250
22.3224013065430
23.2410283369000
23.2410283369001
22.6979632404850
22.3544422651250
19.5286696501250
19.5050227618999
19.4623561849000
19.5021782649000
19.5021782648999
19.5420003449000
19.5420003449000
19.5420003449000
20.4441096199916
21.7542133437500
21.9018119932000
21.9018119932000
22.1666336482000
22.1666336482000
22.1666336482000
22.1666336482000
22.1167851219500
22.1167851219500
20.3736122619500
20.2965460769500
21.3532881021501
18.3384815442251
17.1069289804750
16.7576048667391
16.9374630706501
17.2062624536500
17.2914680494250
17.2892213799500
17.2713796247750
17.2713796247750
17.3330467189750
17.3330467189750
14.8639620696600
14.8639620696600
16.4414832810275
18.0821400179900
17.8112900773375
17.4516209388375
17.4516209388375
17.4071211797375
17.4257137302000
17.4257137302000
17.4257137302000
17.4257137302000
14.2917462443650
14.2917462443650
17.4981888706375
16.1701425796374
17.4129417928876
17.6862831341036
17.7848699369895
18.5847744429001
17.4488405959249
17.3868649629000
17.3868649629000
17.4526072673001
13.2274826548700
13.2274826548700
17.6060774657499
17.5618750437751
17.5618750437751
17.5147788335250
17.5345013769250
17.5345013769250
17.5345013769250
17.5345013769250
17.5345013769250
17.5345013769250
12.8454122762150
12.8454122762150
17.5618750437751
17.4945949596750
16.6422812870803
17.5012784441250
17.4743661077250
17.5214619395250
17.4692400024750
17.4692400024750
17.5163358342750
17.5163358342750
13.3918121174251
13.5364858836427
19.0911061391230
15.4773972914711
16.3120258106250
18.6187041392250
17.8529305777750
16.9233100495000
17.4407133766250
17.4407133766250
17.4407133766250
17.4407133766250
13.0971108842300
13.2618373442300
16.3264529367529
21.1807163483250
17.1385322394803
14.3193290393250
17.4895295749000
17.5097134487499
17.5698037398500
19.0096023837500
17.5177168430000
17.5811858112249
12.2674258160550
11.8909627089971
18.7877391446348
17.8240973812499
17.5128480446250
17.4455679605250
17.4455679605251
16.1936557345098
18.0044146497250
17.4596580807750
17.4445999337250
17.4445999337251
12.3801141280500
11.7261197721400
17.9314667066250
17.4589282430375
17.4781947892876
17.4781947892874
17.9180763540255
17.5794998032661
18.5067181172036
17.6039488755500
17.5529205433500
17.5721870896000
11.4876991173600
11.4876991173600
15.7003820323000
17.5529588513751
17.1211310689240
16.7872733617625
17.4808442709500
17.3599419702465
17.4188539794250
18.6919704717000
17.4708262591750
17.5102766792750
12.6431472959300
12.3510447237188
18.0435604311250
17.4935527317250
16.1360998879751
17.5037813735500
17.4768690371500
17.4970529110000
17.5172367848500
18.1200445082589
18.0596744914251
17.5066979736000
13.2335144018650
13.2335144018650
17.5398460165750
17.5584385670375
17.5025307918807
16.7352935289000
17.5018575450374
17.5018575450375
17.5478769362375
16.1716878362374
17.4533488355500
17.4726153818000
14.0321700767750
14.0321700767750
17.5242253458250
17.4771291355750
16.2858135712250
18.6629118945000
17.4135838096249
17.4337676834750
17.4337676834750
17.4337676834750
17.4736741007250
17.4736741007250
13.1677320455900
13.1677320455900
17.5005864371250
17.5207703109750
17.6198288718510
15.8880669625250
17.5090802888500
18.0955884748934
18.7975198145250
17.4581023749751
17.4581023749750
17.4581023749750
12.7818468704500
12.7818468704500
17.6265994275400
16.7321823586750
17.4562780844750
17.5208900218751
17.5208900218750
17.5208900218750
17.5653180854250
17.5177605447250
17.5177605447250
17.5177605447250
13.3298939175850
13.3298939175850
16.3861909443125
18.5365908507749
17.5271161987125
17.5468387421126
17.4975749442500
17.4975749442500
17.4975749442500
17.4975749442500
17.4975749442499
17.4975749442500
13.1154053832950
13.1154053832950
17.4773910704000
16.9313141449093
16.7958376882251
17.4614428032749
17.5519749898185
19.0792244954500
17.5109677176500
7.32230506479999
15.0335931192250
14.9701241509999
9.81044387505501
9.81044387505503
15.0060609355999
15.0253274818502
15.0253274818501
14.9618585136250
15.0253274818501
15.0775494189001
15.0455113557001
15.0455113557000
15.0652338991000
15.1174558361500
9.80750924824999
9.80750924825001
14.2710970329500
15.0118286062500
15.0589244380500
14.9714604801000
15.3995955468272
13.3579954705470
16.2643643927000
14.9864209297000
15.0056874759500
15.0527833077499
9.83304188336498
9.34899812246502
15.6225482198749
14.8754130249336
14.1940562911250
15.4052858050822
15.3750227970749
14.9535928762500
15.0843419285750
15.0321199915250
14.9850237812749
15.0249301985250
9.85938488866497
8.93320166334658
15.5301110373249
15.0533192688750
14.9898503006500
15.0420722377000
14.9898503006500
14.8237671185069
13.9152297046250
14.9662397307250
14.9864236045751
15.5576217167289
10.8139919597850
11.2279806523850
15.1768357724686
15.4475048910250
15.1626777185000
15.0192433901850
14.3231251651499
15.0200499260625
13.1459074922765
14.9439246016876
15.0265317571500
15.0462543005500
11.3482962922950
11.3482962922950
16.4274173429960
15.2155785066480
12.7698826193750
15.0484095479500
13.9388487863000
16.1343446938144
14.7497726709625
14.9762920029125
14.9964758767625
14.9964758767625
10.6574882158800
10.6574882158800
16.0056313106125
15.0341848780875
15.0341848780876
14.9819629410375
15.1635868815377
14.8280311913750
14.7781380829123
14.1219178990375
14.9527170223999
14.9520350266625
11.3640148839810
11.4834993830850
15.7196385211110
13.5901206173250
14.9356698326250
15.0226724601251
15.0621228802249
15.3299078200149
15.5583649278428
14.9645108604251
15.2459549163500
15.2961910371750
9.44912357218998
9.44912357218997
15.3609415245250
15.3289034613250
15.3289034613251
15.3289034613251
15.3289034613250
15.3289034613250
15.3289034613251
15.2654344931000
15.0655163883500
15.2957655281750
8.86934791964002
8.86934791963998
14.9890607964000
15.3204030756000
13.7454179220556
15.7309774451250
15.0541722321999
15.0019502951501
15.0019502951501
15.0490461269500
15.0490461269500
15.0880352166001
9.57024384096996
9.57024384096998
14.8972626841120
14.3237386301250
15.4074401102058
15.5584500507251
15.0880657060500
15.1717185481249
15.1194966110750
15.1867766951749
15.3255620427494
15.7747041333501
9.79900477490997
9.79900477491000
14.8922018974909
14.5741873818875
15.2409272705124
15.2409272705125
15.1928225802500
15.2771230710500
13.9017661879125
15.0702722791625
15.0702722791625
15.0253165229125
11.5590064842950
11.2745747751677
15.6511838029250
15.2753630961000
14.7992313906435
14.7408005024001
15.0298988383626
14.3066993756524
15.7029795163499
15.0535901670000
15.0535901669999
14.9967012070001
10.7492118851900
10.7492118851900
15.2068532964000
15.2068532964000
15.2250031829625
15.1592608785625
14.3224977415625
14.9814627559750
15.4368443111750
15.2641645345125
15.2641645345125
15.2177726327125
10.6463033857050
10.6463033857050
15.1374019436124
15.1374019436125
15.1060687003501
13.9464024902125
14.9837012431625
15.0027417908250
15.0217823384875
14.9915590882875
13.8146289866325
15.2966072135399
9.34240451656501
10.7836385349090
15.7135673296249
15.1462114019000
15.1663952757500
15.2336753598500
14.4247408799250
15.6644487622250
15.1231101813750
15.1231101813750
15.1231101813749
15.0986303028000
9.30059903395002
9.75227465034993
15.1702063916250
15.1029263075250
15.1029263075250
15.1029263075250
23.4204166901236
24.1786182977500
24.1786182977500
24.1786182977500
24.1786182977501
22.9675631597500
22.9675631597499
22.9675631597501
22.9675631597500
22.6899340563101
23.8710519827499
23.8710519827500
23.8710519827500
22.5353680946644
21.3528456827500
21.3528456827500
21.3528456827500
21.3528456827500
21.3528456827500
21.3528456827500
21.3528456827501
21.3528456827500
22.9009270340596
21.3528456827501
21.9652102567876
24.1786182977501
24.1786182977500
24.1786182977500
24.1786182977499
24.1786182977500
24.1786182977500
23.1500540350721
23.0932867312750
23.0932867312750
23.0932867312750
23.0932867312751
22.9587265630751
22.9587265630750
22.8914464789750
22.7419647854294
22.1367558102209
23.0998032506875
23.0998032506876
23.0998032506875
22.7008170902875
22.7008170902874
22.7008170902875
22.7008170902874
22.7008170902875
22.6365947877875
23.0752464841487
23.5987932589006
23.4462894984499
23.4462894984500
23.1777344447000
23.1119921403000
23.0240190320000
23.0240190320001
23.0240190320000
23.1663626178597
23.0240190320001
23.0240190319999
23.0240190320000
23.0240190319998
26.1308518134989
24.9735716365542
24.8027807573750
24.2942332505750
23.7269293265750
23.7687673993750
23.8106054721750
23.8524435449750
23.8942816177751
23.8942816177750
23.6285533755750
23.6452886046949
22.4428681654050
23.8169730943874
24.8320511269072
26.2356550087900
26.4980708255751
26.4980708255750
26.4980708255750
26.4980708255750
26.4980708255750
26.4470424933750
25.3598571485590
24.5481152313500
24.7300477027569
27.0094720343250
27.0094720343250
27.0094720343249
27.1424051960940
26.2452441981250
25.5211821686927
25.0926325475500
24.9403926922500
24.9403926922500
24.7881528369500
24.7881528369500
24.1879365311250
24.0204357116129
24.1206564470250
22.8657105409605
23.5458070358375
21.3323194527597
22.6316848662125
20.8359856134125
20.8979612464374
20.8359856134125
20.8873278998125
20.8873278998125
20.8561815292125
19.1334562678125
19.0265942031517
21.9642204255700
22.6886804325749
22.6886804325750
22.2639505343840
19.8147323693000
19.8681213249250
19.8681213249250
19.9387877449250
19.9387877449250
19.9387877449250
19.9387877449250
19.9387877449250
21.8610715369250
21.8610715369250
21.8610715369250
21.8610715369250
21.8062959129000
21.8062959129001
21.8062959128999
21.8062959128999
21.8062959129000
21.1109444259247
20.9627424292750
21.0010851812250
21.0394279331750
21.0777706851250
21.0777706851250
21.1685680322750
21.1842983760950
21.2348600756750
21.2348600756750
20.2649518125855
21.5700565739750
21.6321185328750
21.5857266310750
21.5857266310750
21.5857266310751
21.5857266310750
21.5857266310750
21.6321185328750
21.6321185328750
21.6043421568654
19.6258087331982
19.6548073519430
21.1488792643750
21.2086482279749
21.2086482279750
21.2086482279751
21.5930286575514
24.0295766224230
21.1481481523500
19.7010597467625
21.4237850081626
21.3238694952125
21.3238694952125
21.3238694952125
21.2641005316125
21.6031932454125
21.2641005316126
21.2641005316125
21.2043315680125
19.3437333354004
19.2321446100625
21.9715514046543
26.4020142731249
25.0508004585474
23.6299594141250
23.9634370102355
23.6299594141250
23.6299594141250
23.6299594141249
23.5222931153750
23.2567934365373
23.0489834360396
23.0235068963500
23.0235068963500
22.3514690256879
23.3310732113501
23.5531869066079
25.1183457869500
25.1183457869499
25.0548768187250
24.6943571439290
25.8356969345000
25.8356969345000
25.6964770954751
25.6964770954750
25.6964770954750
25.4049257157761
25.0503253637500
25.0503253637500
22.7083858968975
21.5257887985921
22.4719831008000
22.4615919767000
20.7697769614512
21.4924698557000
21.4238713574700
21.4737198837200
21.5774434454999
21.5774434455000
21.0706386285012
21.6009682870612
22.1676402232000
22.1676402232000
23.0032712646600
23.0228915324000
20.1694184455045
20.2016796604000
18.3197754538520
17.5927689040999
17.6658492486000
16.8938079993048
16.3865102763500
16.9605659076428
17.9860410710015
18.6261083600647
19.0113508323624
20.9336346243625
20.8753145514625
20.8753145514625
20.8155455878625
20.7586566278626
20.7557766242625
20.7572077371625
20.6515538873415
18.8406425684625
19.7238166468254
21.4473645206249
21.2062672789750
21.2062672789750
21.1500872087500
21.1500872087500
21.1500872087500
21.1500872087500
21.1132673302250
21.1132673302250
21.0570872600000
21.0570872600001
20.9204477591999
20.9204477592000
20.7812279201750
20.7812279201750
20.7812279201750
20.6643699963250
20.6643699963250
20.6643699963250
20.6643699963250
20.6643699963250
20.5027080745250
20.5027080745250
20.5027080745250
20.5027080745250
20.2995753247750
20.2995753247751
20.2995753247751
20.2995753247750
20.2995753247750
20.2995753247750
20.2398063611751
20.2398063611750
20.2398063611751
23.0607347556230
20.4375367094115
19.5727609387750
20.0301876864749
19.6140034952750
19.5916228495749
19.6275622767749
19.6347501622150
19.6347501622151
19.5919348295700
18.6646352384700
18.8496522451500
17.7479757366701
19.2273151969499
20.1438187668096
21.4415965208950
21.3854164506700
23.1983936962344
24.0155590873316
20.7061448639043
21.8032053249125
21.7316500149124
21.7518761323541
20.0265267678896
20.1744596956133
21.7876501634866
21.5159177650606
22.7329453336832
23.3491164528876
21.4424531837876
21.7845860500203
23.8702366137936
25.3833579150931
25.6275855632500
25.5678165996500
25.2277520038001
25.4303764278500
25.3734874678500
24.7754778314500
24.6427291116251
23.4858686887799
22.8848474116148
21.4523676338815
21.0414869259125
21.0249773392500
20.4289014307978
21.3674642398125
21.2671753930625
21.2607458190000
21.2607458190000
21.3063185321626
20.4743520063434
21.2134269666800
21.3316116683000
21.3316116683000
21.3691404366000
19.4368209998000
19.2983756366000
19.2983756366000
19.2983756366000
18.4024290057751
17.4444388682251
17.3882587980000
17.4062167657250
17.3663943657250
17.3663943657250
18.8021601257250
19.6045139087250
19.6045139087250
19.6045139087250
19.6045139087250
19.6045139087250
19.6614028687250
19.6045139087251
19.6614028687250
19.2455054791000
18.0852386843500
18.1354773990250
18.2122406804250
18.2890039618250
18.3657672432250
18.3739320140650
18.3811198995050
18.5791181796650
18.5243425556400
16.9009749224350
18.7519009426876
19.5385215293825
19.4837459053575
19.6561244820375
19.6561244820375
19.6936532503375
19.6936532503375
19.6367642903375
19.6367642903375
18.5481924183901
17.8265610610979
16.7506651122280
19.6111233323020
21.1272967391500
21.1272967391500
21.2602587925750
21.2004898289750
21.2711562489750
21.1591653483250
21.1223454697999
20.9991075379749
20.9991075379749
20.9393385743751
20.8758696061499
20.8161006425500
20.7526316743250
20.6380870866999
22.7021699144318
22.1018795032932
20.0862062617000
20.1137104484860
19.7503292365750
19.7503292365750
19.7503292365750
19.7503292365750
19.6969402809500
19.6386202080500
19.4731941721000
19.4731941721000
19.4034324270000
19.4034324270000
19.9201420196400
21.3257162189999
21.2145765825750
21.2145765825750
21.2145765825750
21.6701354006662
23.7557535502820
21.0453211504499
21.0453211504500
21.0953212129500
20.2000887852750
21.5652538502250
21.5714338579500
21.5652538502250
22.2279132502250
21.8965709710249
20.9381180703750
20.8701405542250
20.7452018820750
20.1208600756249
21.5573803999273
22.5997977276500
22.5570651271000
21.8108342402000
20.1389437241468
20.5687689905500
19.6759563676700
21.0320386311500
21.0058853682584
19.3343174715890
19.2412652234325
19.2412652234325
19.5503460544325
18.5089517705025
19.9152829947735
20.9773265140525
20.8133052425775
19.3963931824275
20.3957591676200
19.6486453815450
19.7741262362750
19.8670889885875
19.8779902222125
19.9523604240625
19.2641719853070
18.4579108244550
19.2234613990770
20.7396348059250
6.94587584333761
10.6148339003706
11.2124542939500
11.6306808875750
11.8023144354500
11.9009461723250
12.2282637939800
12.2294308125550
12.0129899493374
11.9009990486876
11.3476879355826
11.3312553716199
12.1050720468250
12.1695246708126
12.1929433300500
12.1929433300500
12.1841260318875
12.1361059718625
12.1443377534650
12.1443377534650
12.5388741262125
12.5388741262125
12.5388741262125
12.5388741262125
12.4888740637125
12.4888740637125
12.4888740637125
12.4888740637125
12.4934781974374
12.5343850364875
12.0928898782150
12.0928898782150
12.5005432559375
12.5005432559375
12.5005432559375
12.5005432559375
12.5005432559375
12.5005432559375
12.4471543003125
12.4471543003125
12.4471543003125
12.4471543003125
12.0193479410900
12.0193479410900
12.4354851080874
12.4763919471375
11.8239038001375
12.2821673619625
12.3171672369625
12.3171672369625
12.3171672369625
12.3171672369625
12.3171672369625
12.3021670494625
12.2606637958425
12.2606637958425
12.2483818738625
11.9975026214174
11.6439846136224
12.5445072684500
12.3107378312625
12.1017901441713
11.9486966114376
12.2966817769750
12.2966817769750
12.3302956569250
12.2438365106000
12.2438365106000
12.2438365106000
12.5127475502000
12.5246015727751
11.6414223681456
11.2236601412401
11.1046611977147
12.9650472265154
13.6290938391125
12.8438018642500
12.8438018642500
12.8438018642500
12.7985345728001
12.7505145127750
12.7505145127750
12.7820706102750
12.7820706102750
11.6335978393225
11.6335978393224
12.8035178478700
11.6741856438700
12.5304731707375
12.5462837385875
12.4734389424625
13.5424113721875
12.9159301547500
13.4177937853751
12.6727906760500
13.3657781647999
13.1131023537600
13.1131023537600
13.1581737928901
13.1047848372650
13.0022146605750
12.9528790433501
12.3908501628250
12.3908501628250
12.8546383039749
12.6601451548169
12.9440739713250
12.8512716331000
12.9189802324300
12.9189802324300
12.0587983699797
13.2200837416201
12.6462506846550
11.8219400934270
12.6605544663400
12.7634384257400
12.7160834578000
13.0520849578000
12.4266671101499
12.7243801113501
12.8286132727650
12.8286132727650
12.7919156839500
12.7919156839500
13.1670086496050
12.7635726742550
13.0934565500175
13.0934565500175
13.3026726173500
11.2178324459275
12.2197419675700
11.5483850202500
12.4316464985000
12.4470490689000
12.5125305449375
12.5125305449375
12.5279331153375
12.5279331153375
12.5279331153375
12.6760248878053
12.9081220354525
12.4435553816400
11.8419379662450
12.5550962514649
12.8856219391675
12.7247924395375
12.5638824157650
12.6012545045150
12.7058024430525
12.7431745318025
12.9361093712250
12.8229926403951
12.8289047735250
12.8636849009750
12.8880751598000
12.2800407320775
12.1800361852360
12.0606222492000
12.0689995388046
12.3520236745425
12.8344230530501
13.6314615179250
13.1580348830624
13.4733518419625
12.6544277798876
13.1556220813000
13.1556220813000
13.1056220188000
12.0880857711700
12.0740691921075
12.0814505130250
12.4599614585725
12.4263585429875
12.8899178048475
12.8073966326125
13.9066194086375
12.9532432729750
12.2952630351375
12.9311976241375
12.9128186973375
12.9838201920050
12.9996307598550
12.8963521424374
12.9121627102874
12.7765480127074
12.7662795554275
13.1873772098250
13.2477595089126
12.8177851770875
12.8691274634876
12.8803211282025
12.8803211282025
13.2039436107750
13.2039436107750
13.0973425544375
13.0973425544374
13.0099415872925
13.0099415872925
12.4903603046625
12.4903603046625
13.0198006717500
13.8432972154400
13.8432972154400
13.8432972154400
25.7301323179500
25.7301323179501
26.0256598369500
26.0256598369500
26.0256598369501
26.0256598369500
26.0256598369500
26.0256598369500
26.0256598369500
26.0256598369500
25.9721423065525
24.9403282704750
24.8730481863750
24.8057681022749
24.8057681022750
24.7384880181749
24.2002473453750
22.3532058061750
22.3532058061750
19.9170890378874
21.5927184674876
21.5254383833874
21.5725342151876
21.6196300469875
21.0591882231876
21.0739447927075
21.1493767727275
21.6151130105575
22.1403914214875
20.2833450515517
20.8768196316875
21.2721055996280
23.1186080666500
23.1186080666500
23.1186080666501
23.1186080666500
22.8066920008680
23.1649999684500
23.1649999684500
23.0414227919012
19.7090428119992
21.4300316066180
22.9838724826499
22.9838724826500
22.9402659289750
22.8767969607499
22.8767969607499
22.8767969607501
22.8767969607499
22.6208031686552
23.7802857837501
23.7802857837501
23.7802857837501
23.5983495977790
20.8910442005250
20.8910442005250
20.7463154657250
20.7463154657250
22.7771447083372
22.9588097569628
20.6245708691000
20.6245708691000
22.3944284739000
22.3944284738999
22.2525797427001
22.2525797426999
22.2525797427001
22.4634954106837
22.2525797427001
22.2525797426999
22.1700910857000
22.1700910857000
22.5309187722167
24.0354859177000
22.9501543512250
22.8896542756000
22.7819879768500
22.7819879768499
22.7819879768500
22.7200123438251
22.7200123438250
22.7200123438250
21.1032626095384
22.6880828846375
22.6880828846375
22.6880828846375
22.8473934098254
22.9555026502874
22.5798691963503
24.8442914463695
22.2797756673326
22.0897131414875
22.0084531403721
20.3746564304775
21.0857200076101
22.9461665795200
23.0919791659000
23.0919791659000
21.8847794011032
23.3334866606750
23.2878131977771
21.3648109668750
21.3648109668750
21.8697104446350
23.2723525817000
23.3187444835000
23.2406202764000
23.1337282989750
23.2616352527750
21.6432074519749
22.4069607348430
23.9608016108749
23.9769057404498
23.6813782214499
23.6412316721000
23.6412316720999
23.6412316720999
23.5368465226532
23.8732902228750
23.8732902228751
23.8135212592751
23.7537522956749
23.6939833320750
23.6939833320750
23.4675281634500
23.4675281634500
23.4077591998500
23.4077591998499
23.2013240562501
23.2013240562501
23.2013240562500
23.2013240562500
21.1737258673241
22.1796471329500
22.1796471329501
22.1796471329501
22.0124515359000
21.9555625759000
20.8996724007250
20.7905542438250
20.8323923166251
20.3574640746990
20.8487883781250
20.7982435231450
20.8526723200250
19.9834646636510
20.0075295162750
18.6467109945375
20.0425223158000
20.0425223158000
20.0906270060625
20.0906270060625
20.1387316963250
20.0789627327250
20.2490176194125
20.0260707578779
21.0638884327625
19.3411631713625
19.3411631713625
20.0346917893900
18.4447681208250
18.4224919144250
18.5579960552250
18.5924751681450
18.5611855628251
18.5611855628250
18.7692046489251
18.7849349927449
20.1819682362970
20.3817037227250
21.2308701533250
21.5466785007774
23.9442306730480
21.1233022786000
21.1233022785999
21.0598333103750
21.1062252121750
21.1062252121750
21.0427562439500
20.2959894091100
19.8270056543500
20.1933461505179
21.7651175811500
21.7016486129250
21.4240916607000
21.3657715878000
22.9603649430582
23.2880553797999
23.2282864161999
23.2282864161999
23.1087484890001
23.1087484890001
23.0489795254000
23.0489795254001
22.8367843746001
22.5299875490120
22.1576209898251
22.1576209898250
22.1576209898251
21.4197994370190
22.3506871617001
22.3506871617000
22.3506871617001
22.3506871617000
24.1954421807001
22.8092184455134
21.1526824895500
21.3326276185444
21.1791122716000
21.2184381311501
21.0857983003500
21.1015286441700
21.2089793037500
20.3723929997756
19.6586802926364
19.6920136714701
19.5754183051700
19.5754183051700
19.7770245701812
21.5336578674000
21.5336578674000
21.5336578674001
21.5336578674000
21.5336578674000
19.8809780385999
20.4623254149380
22.3724062951250
22.3724062951250
22.2275812445652
22.1633318825248
22.0935701374250
21.3061667868000
20.5323743982960
21.4663464831750
21.4524373841249
21.4883768113250
21.4608472703000
21.5177362303000
21.5381875226750
22.3659248768951
22.1959614721750
21.5168162543175
22.3898525434424
22.4057213098399
21.7583584198399
22.2189566319400
22.4667518451250
20.6765395733773
20.4979212648000
15.1763295436550
16.0670450649000
15.7568386354500
15.9303677412500
15.8199554451816
14.9488991207749
14.7860236826678
16.5576377342040
17.7063164632500
16.2344847258250
16.3036073103801
16.3359277927775
16.4326679759775
16.6240496798275
16.5899399421900
16.6726492825575
16.7295382425575
16.8427297111250
17.4850301725125
16.7898258764500
16.7898258764500
16.7000655424800
16.6720077031201
14.6960399355500
15.6312910590150
15.4357373641629
14.7553026414850
16.9367341096500
16.8762340340250
16.8943839205874
16.8943839205874
16.8338838449624
17.9466217798425
17.1845238949125
16.8536285207249
15.7404302601000
18.0272376260625
14.9203436695950
14.9203436695949
16.9214203650125
16.9406869112625
16.9406869112625
17.0004558748625
16.9506073486125
16.9506073486125
16.9687572351750
16.9217978536125
18.6494595440836
16.0000099043625
13.3128647457300
13.5911896512301
18.3841708385750
16.9683895330750
16.9683895330750
17.0176533309375
16.9642643753125
16.9952231964750
16.9952231964750
16.9347231208500
17.3265654756750
16.6287098810875
14.8649874336900
14.2727598087300
17.1950982049126
17.1116963602375
17.1116963602375
17.1116963602375
17.5011693313225
18.0388092441500
17.1727800933374
17.1877963448000
17.2475653084000
17.1870652327751
14.2883629975100
13.6914266857800
17.6180085224038
17.8347362597250
17.1386213032625
16.9350964917483
17.1995720079375
17.1570558721751
17.1570558721750
17.0950802391500
16.6529986714147
17.9102519414000
13.8317470327850
13.8317470327850
17.2035155446625
17.2035155446625
17.2035155446625
16.2329449855125
17.3123674983000
17.4640525502625
17.9701978464648
18.5058541693750
17.5697166548999
17.5135365846749
14.2693932504950
14.2693932504950
17.3847304824375
17.5387673108125
17.4745450083125
16.1881467653998
17.4488537232000
16.6937853520125
17.4472915050625
17.4823486192875
18.7819510255025
17.8582208744749
15.6026000027800
15.7669525077850
16.4573854729000
16.4573854729000
17.4507514346125
17.0336717663005
17.1769137164863
18.2529314724250
17.4123584989000
18.0951417854413
16.4870882561290
18.2128418522875
17.3036352560624
17.3167018410625
15.9027897991900
15.9027897991900
17.3333474560875
17.3440713509125
16.5258964593824
18.0944681389000
17.6874176424801
17.6173701527751
18.2764318109625
17.3764694789250
17.3195805189250
16.1400418080729
14.2437823886100
14.2437823886100
17.4662050854000
17.4163565591499
17.2010587841499
17.4044717669125
17.4044717669125
17.4730021110250
17.4730021110251
17.3989698881941
16.8381503448000
17.4678687917750
13.0712261521200
13.0712261521200
17.4347441376000
17.4818399693999
17.5011065156500
15.6296916565360
17.2994615057500
17.5265000668750
17.5476012683250
17.5677851421750
16.3692854965750
18.7318914990000
13.8381052340450
13.8381052340450
17.5509272740250
17.5711111478749
17.5188892108249
16.0677010110750
17.5272748102250
17.4835283854000
18.8291270398000
17.4940144689001
16.1902167432672
17.3276391185499
12.4544268807508
13.4063008099634
17.8995078029749
17.4981652865500
17.4308852024500
17.5342605879250
17.4669805038250
17.5544444617750
17.5219450681250
17.4546649840250
17.4739315302749
17.4739315302750
12.7789304047600
12.7789304047600
17.3106135848411
16.9172748144000
17.4954152574750
17.4876213839750
17.4203412998750
17.4203412998750
17.3530612157750
17.3974892793250
17.3974892793250
17.3974892793251
13.1887330674600
13.1887330674600
16.3693964261124
18.3422929060799
17.4453654438125
7.04343183340000
14.9915899712500
14.9915899712500
14.9714060973999
14.9714060973999
14.9423261733875
14.9423261733875
9.99047539981498
9.99047539981499
14.9758698467875
14.9955923901875
15.0157762640375
15.0973083511025
13.7903295052875
14.9868865769749
15.0249676723000
15.0440082199625
15.5826969867696
15.1995660770755
11.1219919044400
11.1219919044399
14.9201145058875
14.9398370492875
15.0199625688749
15.2560253062433
16.2706434526374
15.3025017844500
13.3054961953125
14.1876254378376
14.9920694089251
15.0061010155874
10.8674797349620
10.7594760848050
14.9833597806250
14.9400746862500
14.9400746862501
15.0064370643000
15.0064370643000
15.0064370643000
15.0064370643001
15.0064370643000
14.0028232098624
15.5288336325359
10.3124884257995
10.2172612326800
14.9908311837499
14.9908311837501
14.9386092466999
14.9785156639501
14.9785156639501
14.9986995378000
14.9986995378000
14.9986995377999
14.9986995377999
14.9986995378001
9.96530139888496
9.21922700481253
15.9195094475500
15.1907053531000
15.1577499623000
15.4425885605643
14.1909019532001
15.7725207589000
15.4893598577904
14.6691458181561
15.8623433678250
15.4378613836251
9.85240528034500
9.85240528034499
15.5003903755250
15.2408193740250
15.3732717111000
15.3732717111000
15.3688183722000
15.3490954590000
15.3672453455625
14.7287578809785
15.8078066321375
15.3882893426750
10.7613714925200
10.7613714925201
15.4343263790500
14.8199186990500
15.2114486258126
14.0765332960802
15.4549976872500
15.0333496462874
15.0333496462874
15.0333496462875
15.0731717262875
15.0731717262875
11.3905945018850
11.3905945018850
15.2225821495125
15.1591131812875
15.1591131812874
14.3950663751126
14.4408462266286
15.3718943225874
15.0559266314875
15.0313609302875
14.9884258449250
15.0243202872500
9.98903094883998
9.98903094883998
15.0126862660625
15.0142309230750
15.0657672676375
15.0815778354875
15.0371494149250
15.0561899625875
13.7203854528875
14.9596309779250
15.6654593032270
15.9648098268875
15.6453751273525
14.7224495457401
14.3895377089493
14.7133259940250
14.9526007774250
14.9934246316250
14.9803838118374
14.9803838118375
16.1428624849625
14.9958618734251
13.6208352181675
15.0458945496749
14.1705659386900
13.5648842937480
15.6148284474804
15.1883028939875
14.9661416258125
14.9208743343625
14.9552542986500
14.9552542986500
14.9552542986500
14.9552542986500
15.0607890067375
15.0182728709750
14.9544603390875
14.9743710570839
13.3916391946525
13.6344307438625
15.0207318194500
16.2314261561675
15.0528585627875
14.9966784925625
15.3654715163225
15.1558178204757
15.2672850455626
15.0627651081125
15.0254925543501
15.0254925543501
15.0254925543501
15.0254925543500
12.2067612152801
12.2067612152800
15.2596094128376
15.1998404492376
15.1545731577875
15.2146410234000
15.0235732216499
15.1120945292375
15.1120945292375
15.1704146021375
15.1106456385375
15.0108019545435
12.5217144550050
12.5217144550050
14.5639268906750
15.0831114135999
15.0626683095499
15.0626683095500
15.0626683095499
15.0626683095500
15.1019941691000
15.1019941691000
15.1019941691000
15.1019941691001
12.5864257590500
12.5864257590500
14.9268436029925
14.5320150938876
15.5617200774250
15.1279701285000
15.1279701285000
15.0548758015944
14.0926122618500
14.9352158505500
14.9241525058000
14.9416483964500
13.2529121662700
13.2529121662700
15.0158409878625
15.0158409878625
15.0158409878625
13.8194933990044
14.2179980702000
15.2593607496446
15.6836223730770
15.8347257131001
17.9718709295200
17.9718709295200
22.9675631597500
22.9675631597501
23.2533595865848
23.3636992212135
24.1786182977500
24.1786182977500
24.1786182977501
23.5004328701500
24.1786182977500
24.1786182977500
24.1786182977500
23.5004328701501
22.6188163257198
22.2563345057501
23.6903199154420
24.0504568834324
24.1113382136500
24.1113382136500
24.1113382136500
26.9322666080980
24.3886406996020
24.0440581295500
24.4961817479499
24.0440581295500
23.9767780454500
24.8802668684500
24.7457067002500
24.7457067002500
24.5014670649500
21.1374537771500
21.0739848089251
21.0739848089250
21.0739848089249
21.9488235609075
22.8685773302000
22.8685773302000
22.0684706236750
24.0441433713000
23.9163303807000
23.0854090531480
22.8590006109750
22.8399597063000
22.6920724552638
22.5692936232751
22.7008768304750
22.7008768304750
22.3434852406070
22.8972636765000
21.7580736489187
23.1853602128876
23.1853602128875
23.1853602128875
23.2415402831125
23.1795646500875
23.2170934183875
23.2170934183875
23.2170934183876
23.2170934183875
21.4943681569875
21.4595063048275
22.4903167443115
21.6542215389294
21.2167021077000
23.8449826979320
22.9730610422680
21.2294643375000
21.2855651419000
21.2855651419000
21.2855651419000
20.2613398891832
21.5314719079000
21.5314719079000
21.8164222853000
21.4216110378750
21.4216110378750
21.4216110378750
21.4680029396750
21.4731781593220
23.2515755106500
23.1279413172708
21.7146627618500
22.4200959718180
23.9739368478500
23.9104678796250
23.7474816792251
23.7474816792250
23.7474816792250
23.5978723280977
23.4519541602250
23.4519541602251
23.4519541602249
22.7599656173434
23.7474816792250
23.7474816792250
23.6475661662750
23.6475661662750
23.5272971270500
23.5272971270499
23.5272971270499
23.5272971270500
23.5272971270500
23.4675281634500
23.4675281634500
23.4675281634500
22.4405156346500
22.3568394890500
20.7206826722390
21.3237872961500
21.3244646010000
21.3326293718401
21.4391387073200
21.4391387073200
21.0911757706040
20.0560353028625
21.6944897682375
21.6272096841374
20.9490242565375
21.5599296000375
21.4818053929375
21.4818053929376
21.3133893450835
20.5712690740375
20.5712690740375
18.9913524313162
18.6014313110375
19.6167466856110
21.1831150809624
21.2323788788250
20.3728141343999
20.3334882748501
20.2519230652349
21.3446220654251
23.7330971586082
23.3504291208818
21.3727159483000
18.6838472669001
18.8154764147000
17.7694038119950
19.0768043860750
19.0768043860750
19.0542764159500
18.9959563430500
19.1338495137501
21.0561333057500
21.0561333057500
20.9792872757249
21.2965641232400
22.7021383226000
21.2471124414832
21.1652255738000
21.5394283038960
23.3647306962000
23.3647306962000
23.3647306962000
23.3647306962000
23.3647306962000
22.8266139869000
22.7697250269000
22.7697250269000
22.7697250269000
23.0772913418999
22.9592023053999
22.9592023054001
22.9592023054000
22.9592023053999
22.8994333418001
22.8994333418000
22.8994333418000
22.5971182458500
22.5387981729500
22.1960060936411
21.6567617796500
21.5062962836749
21.5456221432250
21.3488402922163
19.6626642107750
19.7019900703250
19.7413159298750
21.0934133238638
22.4722121726950
18.5085654645250
19.9001747445250
20.0588579811150
20.0588579811149
20.3025659392251
20.3025659392251
20.3025659392250
20.6339082184250
20.3025659392249
20.3025659392250
20.3796416947984
18.6498861104250
19.2700810736745
22.3985971261385
23.0032537025501
22.9449336296500
22.9449336296500
22.1587688753169
22.0163294104000
21.9641074733500
21.8806611841750
21.9190039361250
21.6161769733284
21.5676759992900
21.6143132028200
21.5508442345950
21.3117340531733
21.0454424430965
21.8133931518750
21.7611712148250
21.6330089676500
21.6330089676501
21.7274266959500
21.8096758900500
20.3940275499001
22.3638610002000
22.5565279077000
22.2862473503296
20.9553928564000
21.5966037638680
23.0427783411500
22.4050919456095
20.9271817482001
20.1985188771751
20.7110416455251
20.7715417211501
20.8298617940500
20.7693617184250
19.0471497736300
19.6298016110750
19.9585172820125
19.9037416579875
19.8909320759500
19.8909320759500
19.7125701755500
19.5966211417250
19.6117360679750
19.6117360679750
19.5690942955750
20.2156244209750
19.6080758236001
19.4730702468001
19.5043658265250
18.3901517104125
17.0829890105875
17.6655300740409
19.8564285177750
17.1797254084875
16.9848490993150
16.7065998238582
16.9286184465950
17.7294396722401
18.1472499846157
19.8534690783950
20.3183125871750
19.9792198733751
19.9792198733750
19.9208998004750
19.9208998004750
19.9208998004749
19.8823437302599
20.1719112132125
21.2520256189400
22.6819320202000
22.7683851265999
22.6501405343500
22.6501405343499
22.2281073952425
21.6252531614751
21.4370484408763
21.2915899670001
21.3289620557500
21.2132711504750
20.5642392401750
21.5532459595900
21.5532459595901
21.1826972316250
19.9766546716250
21.5178937299250
21.5178937299250
21.6107457707249
21.5585238336751
21.5002037607750
21.5002037607749
21.3517562869750
21.3517562869750
21.1270346213500
21.1270346213499
17.6179895543000
17.6000589997000
18.7493001336600
19.8772636403000
19.8772636403001
19.9531778380455
22.3554018940320
19.6449694942001
19.5467765406250
19.8719337639466
19.4870075770250
19.4870075770251
19.4272386134250
19.4785808998250
19.5676015255034
19.4188119362250
19.4854250178250
19.5423139778249
19.2421699957000
19.2421699957000
20.2032663423786
21.2363093290499
21.1794203690500
20.4204988826500
20.3804910312500
20.4173824550499
20.4173824550501
20.4542738788500
20.2629436326501
20.0948019498480
19.9709594167075
19.9674594123325
19.9609050584876
18.8383533250875
20.4857074213625
20.7323505403825
20.7323505403825
20.6754615803825
20.5889743698230
21.6046338475500
21.8253990296875
21.7634233966625
21.7074501608625
21.0442184827375
19.9485388289875
19.9727391314875
21.0497214500000
22.2814103430500
22.3105989334250
20.4635573942250
20.2095064913576
19.5650720665750
19.4671999022001
18.3848192708100
18.2135120185375
18.2895430175400
18.4358075862450
18.4174382020825
18.5601502662025
18.5601502662024
18.0535816483450
18.5624017503599
18.6751080102750
18.7748943293625
18.8038710824552
19.3026894495250
19.4911211825650
19.4827374603400
19.6866407682750
17.5054632183750
17.2430248586250
19.0383107252096
15.6518729956000
16.1109909788564
18.5032378252000
18.0721092755800
17.9660096454550
17.9660096454550
18.1343658557150
19.8396347037950
20.0992776316250
20.0992776316250
20.0395086680250
20.0395086680250
19.9797397044250
20.9110844638066
21.9020234964250
21.8422545328250
21.6594773640751
21.5510753568000
21.5510753568000
21.5510753568000
21.4988534197500
21.4988534197500
20.4806393164877
20.0951813099750
20.1859423543501
20.1699254874751
19.5554239256912
20.2923759121749
20.1607597064250
20.1607597064250
20.1981317951751
20.1981317951750
19.2041527020463
20.2304225325250
20.6171607980700
20.5609807278450
20.7016181455875
20.7577982158125
20.6463223960125
20.6463223960125
20.6463223960125
18.9271361716525
18.6678585337875
17.8713980926003
17.1797260932125
17.8110486783555
19.4963807363875
19.5202883218275
19.4729334192625
22.1228657434695
18.9819138801555
18.6356579000125
19.0058922956125
18.5390183807875
18.5759098045874
18.5286907410825
18.5755253428625
18.5755253428626
18.6094271721775
18.6094271721775
17.2562908661375
18.6920566261375
18.8704896806375
19.3753891583975
20.6770212067125
20.6770212067125
20.6300618251500
20.6764537269500
20.6764537269500
20.6202736567250
20.4500076147250
18.9130948659250
18.8951643113250
19.8449389133490
20.8768414329250
20.8768414329250
20.8768414329250
20.8313612556843
21.0812895811500
21.0812895811500
20.9499653075500
20.9499653075501
21.6723266447500
21.6723266447500
21.6723266447500
21.5527887175500
21.4101580981500
21.1489604543125
21.2407756642000
21.1802755885750
7.18612105559998
10.1125562513750
10.4801884178500
10.7368648900750
9.98968278477500
11.3322313936000
11.4242173089750
11.5399399723750
10.9811401896000
11.3301615652500
10.0269044858500
10.0269044858500
12.4835514430500
11.6865202923550
12.4894889428251
12.3415477758499
12.3415477758501
12.3565476821000
12.3258337847500
12.3258337847500
12.3258337847501
11.5562003206375
11.0168133188418
11.1311149869150
12.3798284605000
12.3455148512610
12.8969755483250
12.5468917262250
12.5468917262250
12.5398250507250
12.5398250507250
10.7407734637250
12.0959487464500
12.1004367184000
10.7296127481849
10.7296127481849
12.3344605644374
11.0270040658625
12.1145701058750
12.7569423639013
12.9929653753126
12.3432175407124
12.0041670671290
11.9956695925750
12.3007158568499
12.3376072806501
10.8912309720950
10.8912309720950
12.3911095803542
14.1148717547946
12.5590389585258
11.7189217751625
12.4673805930200
12.5425521270200
12.6347810493500
11.8856702198375
12.4303342943928
12.9628196161500
11.6481250433650
11.6481250433650
12.6938624060500
12.6938624060500
12.8010430451301
12.8101390843675
12.8071487722500
12.9877943787001
12.5127544096000
12.7383154360250
12.7383154360250
12.7383154360250
10.9951751496587
10.8237554280500
13.1215966190215
13.0700517238015
13.2130771419626
13.0540038432376
13.0911413923212
13.1618392899709
13.4843893060126
13.3051820330126
13.2504064089874
13.2156262815376
13.2024869208525
13.2024869208526
12.1868655271251
12.1868655271248
12.9769986827126
12.9769986827125
12.9769986827124
12.9769986827124
12.7975920713090
12.9002831153501
12.9002831153500
12.9365483494124
13.0382360008875
13.0382360008875
12.5778341574838
12.3368291686675
12.7162360038650
12.7162360038650
12.8341196507875
12.8341196507875
12.8341196507875
12.8265243123875
12.8265243123875
12.8265243123875
12.9195931672875
12.9195931672875
12.8498162222650
12.8498162222651
12.2040728074625
12.8422995755463
12.7815287179750
12.7815287179750
13.0435706979000
12.5713083130200
12.3180895166749
12.6475472697450
12.6670886901200
12.6831052566825
12.7830104832750
12.7990270498375
12.6946182167625
12.6946182167625
12.7190836498250
11.7755417362250
11.6936704240475
11.6150854450475
12.7623655924151
13.2675101913150
12.7814100803626
12.7814100803625
12.7627231231500
12.7627231231500
12.7627231231500
12.7627231231501
12.7127230606500
11.9768549748900
12.6676450528059
12.9934139462000
12.6740697852199
12.7649766867700
12.7646100443875
12.7646100443875
12.7646100443874
12.8720775346591
12.3681395134200
13.5226935090000
12.9641694422250
12.9763193662875
12.7592168188150
11.6345787900150
11.6870907860280
12.4555015247121
13.7099272154249
13.1605364416501
13.1605364416499
13.3598431862875
13.3831483895845
12.8338267698497
12.5334469413125
13.0663391477626
13.0663391477626
11.7930338600825
13.2292697976600
12.6492449392075
12.3931807441050
12.3810308200425
12.8028311444626
12.7480555204375
12.8450759749800
12.8450759749800
12.8055322580875
12.8055322580875
12.8055322580875
12.8055322580875
13.0929472418855
13.1654164886850
12.9752314749050
12.9752314749050
12.8924319833501
12.9951343339500
11.3091884492900
11.6971257032675
11.2615619125627
11.3536762213100
12.5167356994625
12.8051619154625
12.7659680329155
12.7267598453200
12.6649904330825
12.6649904330825
12.7561600170500
12.7178663446875
12.8790983564675
12.8790983564675
11.4501148844025
12.2057956739975
13.2818792870750
12.9853234679075
12.8007780600025
14.4496032171950
14.6588394532700
14.6588394532701
24.9204376072875
24.0731591011295
24.0049099882875
24.0049099882875
23.5537393257085
22.2821847268875
23.0312878615505
24.8146046989500
24.8146046989500
23.9282324519088
24.9926552209380
25.1221710139500
25.1221710139500
25.1221710139500
25.0548909298501
25.0548909298500
23.2078493906500
23.2078493906499
23.1405693065500
21.2182855145499
21.2182855145500
23.1987486521199
23.9767780454500
23.9767780454499
23.9767780454501
23.9094979613500
23.6927429723501
23.9496998954741
26.5136713667980
23.6927429723500
23.6292740041250
23.4985249518000
23.4985249518001
23.4312448677000
23.4312448677000
23.3639647836001
22.9988617316000
22.5963000495751
22.5963000495750
22.5963000495750
22.5963000495750
22.5963000495750
23.1847968415334
23.5454109220500
23.5454109220500
23.6592999533000
23.5958309850750
23.5958309850750
23.5887198650749
22.5224292032750
22.6478712473000
22.4087622626078
22.4576927520499
22.4576927520500
22.4576927520500
21.7112856153985
22.7047589914251
22.1364848357992
22.4646645788451
22.9964293681125
23.0339581364125
23.0339581364125
23.0339581364124
23.0339581364125
23.0339581364125
23.0339581364126
23.3830678164513
22.4666266401725
21.2273284250625
22.0162536397255
21.8772866851250
21.1991012575250
21.9127686083251
21.9127686083249
21.9015893286251
20.9273331956362
21.2692225793185
22.1399849741250
22.0935930723250
22.0263129882250
21.1251957539398
21.1679986063750
21.1045296381500
21.1509215399500
21.1250192699000
21.1250192698999
20.3921032587104
19.3497329800000
22.7035158448430
23.1189790285690
22.4580227014751
22.5565418058238
22.4832935091750
22.1878728771670
19.7324491947500
19.7127266513499
19.7916168249500
20.0520518564012
19.6397010394000
19.6397010393999
19.6397010394000
19.6397010394000
21.5133930605302
23.2711331999000
23.2711331999001
23.2711331999001
23.2711331999001
23.2711331999000
23.2909373341000
23.2909373341000
23.1544930541000
23.1544930540999
22.9038700164351
22.6463776656904
21.8488593591000
21.8070212863000
21.0385479830224
22.0521540072000
22.0939920800000
22.1107273091200
22.0540164695750
22.0540164695750
21.4430275844734
21.9242033928454
22.4718921706375
22.4718921706375
22.5490741543375
22.5490741543375
22.5490741543375
22.5490741543375
22.4968522172876
20.8925933313892
20.7457339104666
18.9270854166875
19.6178684784505
20.5416205714250
20.5416205714250
20.5809464309750
20.5287244939249
20.6027749106450
20.5950165373250
23.4159449317731
20.8597444678858
20.6060444021250
19.7036930695000
20.6837702252001
20.5909422879750
20.6028704590750
20.6028704590750
20.5394014908500
20.5394014908500
20.5857933926500
20.5274733197501
20.5223244244250
20.5223244244251
19.7895252166366
20.5722431314000
21.9363663339841
22.8494477720001
22.8494477720001
22.9063367320000
22.9063367320000
22.9237497521001
22.9237497521000
22.6651962262416
22.4821124934000
22.1797973974500
22.1797973974500
21.9440055866753
22.4873637124500
22.3707057888499
22.3707057888500
22.3707057888501
22.9226587968499
21.9233244351501
22.9950696641501
22.9193187933500
22.8550964908500
22.0814026668250
22.6645432543251
22.3396545093555
21.7641008107000
21.5685358075000
20.1743414167505
19.6845947674500
19.6587152169000
19.5893916701001
18.7615011968500
18.5217180788499
18.5757785310399
17.7124877892690
18.8662956429651
19.0589522695900
19.1622331313900
19.2120265323000
19.3153073941000
19.4355533053250
19.4355533053250
20.2303534978750
20.2908535735000
20.2908535735000
18.5776736690750
17.5166587835577
19.8865332958668
20.8141826838680
17.9231252090625
18.0876670274050
18.0625408111300
18.0808836934250
18.0557574771500
18.1014097274500
19.3030704391098
20.4799761729250
20.2055228537249
18.9207057806000
20.4203614238000
20.4929204409000
20.4929204409000
21.5843068849507
22.0602650252000
22.0602650252000
22.0504768567750
22.0872967353000
21.9720877024001
21.9974600533215
20.4351749536000
20.7036793972208
22.2038710937504
22.3098797050250
22.3098797050250
22.1793798769000
21.6653432175256
22.4226854588499
22.4226854588500
22.4226854588500
22.3106945582001
22.2738746796749
22.2738746796750
22.2141057160750
22.1057037088000
21.8998955357750
21.8401265721750
21.6204295247750
21.6204295247750
21.6204295247750
21.5142767669125
20.7781649713848
19.6672352277125
19.6672352277125
15.3014956282625
14.8425114015625
15.6246184064625
15.7071903733126
15.8443140995250
16.0230751741325
16.6819838731994
18.1269460658855
13.8225443923500
16.3364038984350
16.8354868983975
13.7246180063800
13.7246180063800
15.5434951961875
17.8983936449625
16.6870364456375
16.7432165158625
17.1024931035125
16.3801847586000
16.8195804599375
16.8386210076000
16.8948010778250
16.8466963875625
14.3399457363350
14.3399457363350
17.0323732008904
16.9873435432000
16.9283758784375
17.6970387750495
16.2844734669945
17.7136918738625
17.0978502197625
16.9848462545375
17.0246683345375
17.0246683345376
13.0209358238350
12.9454859117159
16.9760431159750
17.1934983918250
17.1934983918250
17.1711141621250
16.8118931658133
18.6391143532115
15.1133789063710
20.0208290967500
17.4355152623001
17.4552378057001
12.8799608725749
12.8799608725749
17.5011409905749
17.5011409905750
17.5399174148875
17.5399174148875
17.5399174148875
17.4135920292360
17.5737838416375
17.3683337299616
16.2607461022501
17.5095872156624
11.9956521355830
11.7470159607230
16.9918327629999
17.4587877831251
17.4991555308250
17.4558704364501
17.4284967696000
17.4486806434500
17.4208509794500
17.4730729165000
17.4932567903500
17.5134406642000
12.8205945955050
12.8205945955050
17.5158301378359
18.0894525040500
17.4865085018750
17.5898838873500
17.5620542233500
17.5620542233500
15.4427247621000
17.5616966192500
17.5184115248750
17.4280302202500
13.9746120476349
13.9746120476350
17.4683979679500
16.5454201426501
17.3990499126750
17.4434779762250
17.3127289239000
17.2656327136500
17.2656327136500
18.5759893471500
17.1304975092000
17.1304975092000
13.2679988056050
13.2679988056050
16.2125811370875
18.3244063860500
17.2401990154000
17.2401990154000
17.1879770783500
17.1879770783501
17.1879770783500
17.2521993808500
17.2521993808499
17.2499527113751
13.3081530521750
13.3081530521749
17.3006543704875
16.6987471201806
16.7175147573125
16.3979228800250
17.3186464089875
19.4968481982046
19.0157203603071
16.0740935864954
16.5670504720751
17.4488950483000
12.7288892373050
12.3928877373050
17.4974737651750
17.3505320591258
16.4410948216742
18.6574641120250
17.4809600718750
17.4344843137250
17.4344843137251
17.4113830932000
17.4113830932000
17.4113830932000
13.1948231425300
13.1948231425300
17.4174911036500
17.3845357128500
16.2698756984816
17.1561264428750
18.5405207272622
18.0542461997299
18.8249635724501
17.4666892452000
17.4141231333000
17.4798654376999
12.1492496044950
12.1492496044950
17.4917048519000
17.4917048519000
17.4608603935501
17.4608603935499
17.1897991130936
17.5499901520000
17.5499901520000
17.5499901520000
17.5499901520000
17.5701740258500
11.6011505114840
12.2520979971500
17.4650687927500
17.4650687927500
17.4650687927500
17.4650687927501
17.4852526666000
17.4852526666000
17.4852526666001
17.4852526666000
17.4330307295500
17.4852526666001
12.0104156516349
12.0104156516350
17.4925675758250
17.4925675758250
16.7387252623250
17.5166062957000
17.5610343592499
17.5812182331000
17.4948972443250
16.0977199937251
17.4814556016750
17.5011781450749
13.4079036092200
13.4079036092200
17.5213566856250
17.5410792290250
16.4104622811697
20.4983801799886
16.7056308102930
15.0107085123395
19.0465648476625
17.7056511796237
17.3574915843626
17.4704892206626
13.0471745568300
13.0471745568301
16.6294779512625
17.4721094034250
17.5393891090750
17.5192048567751
16.7980864959995
16.9498695549125
17.4988730925750
6.52943265180002
15.9637710467501
13.7619733508430
10.6696217570150
10.2729693990075
14.5327068775145
15.7977816243252
15.5345534073648
15.1910769495558
15.2373958964750
15.0342410332501
15.0864629703000
15.0342410332500
15.0380521491249
15.0248193017250
9.47544892539998
9.47544892539999
15.6384886843500
15.2497336099000
15.2497336099000
15.3251221669060
13.8335332686737
15.1234177536750
13.1180032563250
15.0173826882500
15.3865268266924
16.2895578575500
11.8618818943833
11.9241966206400
15.2702935242500
15.2204449980001
15.1569760297751
15.1755685802374
15.1285321759750
15.1453860706375
15.0819171024125
15.0819171024125
15.0819171024126
15.0819171024124
11.2088829114950
11.2088829114950
15.0214190616500
15.0214190616501
15.0542841895750
15.0542841895751
15.0542841895750
14.9630201413846
14.2893206261751
15.0128396838000
14.9895900942875
15.0088566405375
11.2999936104000
11.2999936103999
14.9712813323250
14.9898738827875
14.9564579205001
14.9728904844625
14.9893230484250
14.9893230484250
15.0057556123875
14.9559070861375
14.9559070861375
14.9723396501000
10.3467024584400
10.3467024584400
15.0265182120875
15.1062844936500
15.1062844936500
14.9800421136251
14.9581696598750
14.9581696598750
14.9083211336250
14.9083211336251
14.9083211336250
14.9083211336250
10.7444039999425
10.1494113296200
15.4686747903125
14.9240704468875
14.9240704468875
14.9240704468875
14.0763318502875
14.9831109375750
14.9350062473124
14.9821020791125
14.9821020791125
15.0291979109125
10.6627959336550
10.6627959336550
14.9239403394125
14.9710361712125
13.7923294134124
15.0298081750125
13.8108986569750
16.7468143787869
15.9994341680249
14.9962906383749
14.9520882164001
15.0828372687250
9.99400459625501
9.99400459625503
15.0072915472500
15.0796973581500
15.0561348071750
15.0231794163750
15.0231794163750
15.0231794163750
13.7416568883750
14.9787778144250
14.9989616882750
15.3162970332792
10.8149406254001
11.2478536691500
14.9767345855000
14.9291770448000
14.9686274649000
14.9013473808000
14.9215312546500
14.9850002228750
15.1006911281500
15.1006911281500
15.0733174613000
15.0925840075500
9.91988661080498
9.91988661080498
15.1006911281499
15.0334110440500
14.9863148338000
15.0253039234500
15.0253039234500
15.0253039234500
15.0253039234500
15.0253039234500
15.0253039234500
15.0253039234499
9.76082376029497
9.76082376029501
15.0334110440500
15.0334110440500
15.0334110440500
15.0733174613000
15.0733174613000
15.0925840075500
15.0925840075500
15.1127678813999
15.0492989131750
14.9820188290751
10.2118486108350
9.12842513947800
16.3667432055364
16.1559945864001
15.4825761279250
13.5973037066250
15.1441878244250
15.0769077403249
15.1441878244250
15.1441878244250
14.5448295197875
15.0729985059308
9.26820410446001
9.26820410445997
15.0259090957751
15.0900597027249
15.0227796186250
14.9593106504000
14.9593106504000
15.0436451312000
13.7279513778128
15.5151686457499
15.0014529985500
15.0345779716401
9.08515460035396
8.81442478336993
15.9246000831558
14.8258625424250
14.9849128773500
15.0320087091500
15.0842306462000
15.0207616779750
15.0207616779750
14.9307023311183
15.7509971371501
14.6236719613985
10.2659280620500
11.1663724526100
15.0420748459426
13.8091556464692
13.8281077061125
15.0599707555500
15.0683507187125
15.7897566045023
14.5057272312536
15.9883437692250
14.9984537074500
15.0224486971750
10.2774150104250
9.55083282234499
14.8835672204501
14.8301813170999
15.0948154802178
14.8525173152500
23.8078485259500
23.8078485259500
25.4123231550491
26.0256598369500
26.0256598369500
27.4824021354348
28.8514324519500
26.0256598369501
26.0256598369500
26.0256598369500
26.0256598369500
26.0256598369500
26.0256598369500
26.0256598369500
26.3647525507500
25.9583797528500
25.9583797528500
24.1113382136499
24.1113382136500
24.0983126367772
25.8990618374499
25.8990618374499
25.7190445046500
25.5875421180500
25.5875421180499
25.5875421180500
25.5202620339499
25.5202620339501
25.2790801802499
24.9715138652500
24.9715138652500
24.9715138652501
24.9072915627500
24.6098330684340
25.1077823558500
24.0224507893751
24.0224507893749
24.0224507893751
23.7538957356249
23.6904267674001
23.6904267674000
22.9035140569725
22.6044956991751
22.2549603804359
21.9643589977468
22.7565273107375
22.7139173882875
22.7562672370375
20.8339834450375
20.8339834450375
19.4652431684675
21.1533375650275
21.3448118307625
21.3448118307625
19.8170057436125
20.6280845113006
22.4114013486999
22.4114013487000
22.4114013487001
22.3494257156750
20.4271419236750
20.7175227162164
23.2529145386750
23.1924144630500
23.1924144630500
23.1924144630500
23.1099258060501
23.1099258060500
23.1031457975750
23.0358657134751
23.0578542948500
22.9905742107500
23.6662899422498
22.9743700857889
23.8267829496500
23.6960338973250
23.2250733086250
22.4796077969250
23.1176466751750
23.1176466751750
22.5827189601250
21.9015646399250
22.4290035474250
22.4290035474251
22.3617234633250
22.3617234633250
21.1952490480598
21.4511871444250
21.2694870147625
23.9799194145945
21.4725267093443
20.8796702190500
21.2600692393000
20.8696218201001
20.9450802279500
20.7392852404850
21.9017968470250
21.9017968470250
21.9613808634500
21.1120092557582
18.3576330344750
18.3797485638750
18.5460403865950
19.0509398643550
20.4765235496750
20.4765235496749
20.5998510926750
20.5998510926750
21.1298221031126
22.0144708886875
22.0266165167375
22.0659423762875
22.1052682358375
21.7657020970575
21.8162637966375
21.8162637966375
22.0273844514375
21.5468665590935
19.6267680299063
23.4253121301495
22.1795997802775
23.2723525817000
23.6733862312208
23.2723525817000
23.2723525817000
23.2723525817000
23.2406202763999
23.5797129902000
23.2406202764000
22.0126684449135
21.6857769730000
21.9604757859680
22.1159400743999
23.2778401633041
23.9747548981750
23.9747548981749
23.9225329611250
23.8590639929000
23.8590639929000
23.8590639929000
23.8590639929000
23.7350949490500
23.4217037375268
23.3155377334000
23.2520687651750
23.2520687651750
22.1843654858796
23.2406644078500
23.1003405814500
23.1003405814501
22.8910254342500
22.8305253586250
22.7911099213000
22.7313409577000
22.7313409577000
22.7313409577000
22.4866548226750
22.4297658626749
22.4297658626750
22.4297658626750
22.4297658626750
20.5074820706750
20.2633714919250
20.2633714919249
20.2633714919251
19.4038067475000
19.3251550284000
19.3644808879500
19.3280558767000
19.3863759496000
19.4257018091500
19.4414321529700
19.4919938525501
19.4919938525500
18.6556302527852
19.9542009722700
20.0144814800500
20.0144814800501
19.7130771997762
19.7080405154124
18.5363581905125
20.2074940094624
20.2458367614125
20.1892830093026
20.2232060022178
18.5876476923825
19.4825634134255
21.2658802508250
20.0132026608346
21.4045836235050
21.4364032124250
21.3900113106250
21.3900113106250
21.0362236043200
20.1835047984000
20.1200358301751
20.1664277319750
20.1664277319750
20.1749289901660
18.5945073621500
19.3178711267180
20.8082430345250
20.8546349363250
20.8546349363250
22.9943980491376
23.2107650192000
21.3008882120000
21.3008882120000
21.2812657977500
18.9374666283750
18.6780489125876
18.7506484588375
18.8413978916500
19.1272506806000
18.7959084014000
18.7375883285000
18.6519328459550
18.6519328459550
20.4301272800488
22.1864894710287
22.2544563287750
22.2544563287749
22.2544563287750
22.2544563287749
22.2544563287750
22.2544563287750
22.2176364502500
22.2176364502500
21.7764150599541
21.7596670084750
21.7596670084750
21.7596670084750
23.3650734548474
22.0290532148848
21.0647561269001
21.5562056048500
21.1434078460000
21.0911859089501
21.1305117685000
21.1462421123200
21.0753021232500
21.0753021232500
19.9108429783500
21.4195520798401
21.4852873059200
21.4852873059201
22.2680896414100
22.0122741470745
21.3144090985475
20.7987086079250
20.7120727213125
20.7494448100626
19.7983977406784
19.1504949578375
19.6002004937653
21.5592176102460
21.5478073368625
21.5478073368625
20.2629902637375
21.6422879787125
22.0119162526125
21.9020553825875
21.9020553825875
21.8385864143625
21.6785691065625
21.6644609327375
21.6644609327376
21.6180690309376
21.7114203142999
20.1140074898750
20.0317273952000
21.1983733073040
22.2003272699126
22.2003272699125
20.8842692895672
20.0018641376875
20.0018641376875
20.0018641376876
20.0018641376875
19.9901998643500
19.9901998643500
19.9901998643500
19.9186445543500
19.8588755907499
19.6179513294625
19.6179513294625
19.5363448957875
19.5363448957875
19.4720199172875
19.4136998443875
19.4606592259500
19.4606592259501
20.1078078009633
19.4488351804515
20.2445822349500
20.2445822349500
20.0055961070500
19.9386126275735
20.0890625430500
20.0255935748250
20.0255935748250
19.9621246066001
18.5375288736250
18.8460962142500
18.9469372712250
18.9843093599750
18.9201618243250
17.6045728571738
17.6861818981500
17.9069642981500
18.0681329663000
18.1726602847899
17.1381449452650
18.4227394867125
18.7327771800400
18.7327771800400
18.8640554693875
18.9082119493875
19.5830333893875
19.9242552404693
21.5857947051925
18.8963368803625
19.0835966959350
15.2193682706375
15.5451462084875
17.4286741153250
17.6153010104775
17.6697506701650
18.4781576301500
16.8280797751530
18.3239263220550
18.3703182238550
20.3349451903750
20.3349451903750